[[1749    0    0    0    0    0    0    0    0    0    0    0    0    0
     0    0]
 [  60 3494    0    0    0    0    0    0    0    0    0    0    0    0
     0    2]
 [   0    0 1766    0   97    1    1    0    0   64   26    0    0    0
     7    0]
 [   0    0    1 1190   34    0    0    0    0    2    0    0    0    0
     1    2]
 [   0    0    3    4 2336    0    0    0    0    3    3    0    0    0
     1    0]
 [   0    0    0    0    0 3741    0   13    0    1    0    0    0    0
     0    0]
 [   0    1    0    0    0    0 3337   15    0    0    0    0    0    0
     2   10]
 [   0    0    0    0    0    0    8 7901    0   45    0    0    0   17
  2478   13]
 [   0    0    5    0    2    3    0    0 5742   39    0    0    0    2
     5    0]
 [   0    0    0    0    1    5    1  344   49 2700    0    2    0    6
   120    6]
 [   0    0    1    0    3    2    0   32  199   88  821    0    0    0
     0    0]
 [   0    0    0    0    5    0    0    3    0   58   18 1725    0    0
    18    8]
 [   0    0    0    0    0    0    3   19    3    4    0    0  698   35
     1    0]
 [   0   16    0    0    0    7    4   34   10   68    0    0   18  810
     2    0]
 [   0    0    0    0    0    0    0 2688    0    1    0    0    0    0
  4409    7]
 [   0   15    0    0    0    0   25   22    0    5    0    0    0    0
    24 1559]]
43978.0
0.8635158750417248
1:0.966832504145937
2:0.9909245604083948
3:0.9943693693693694
4:0.9966499162479062
5:0.9426957223567393
6:0.9952114924181963
7:0.9875702870671796
8:0.7136663354710505
9:0.9565217391304348
10:0.8771929824561403
11:0.945852534562212
12:0.9988419224088014
13:0.9748603351955307
14:0.9310344827586207
15:0.6237973967176005
16:0.970130678282514
kappa:0.8475939547952116
