[[ 4638     1    34     0     3     7    62    23     1]
 [   21 14866     8   195     0  1567     0     5     0]
 [  483     1  1517     0     0     4    28   745     0]
 [    0   987     0  2648     0     0     0     0     0]
 [   26     0     0     5  1134     2     0     0     0]
 [   77  2557     6    15     3  3205     2    21     0]
 [  896     0    12     0     0     0  1034    18     0]
 [  290    37   322     0     5    44     4  2670     0]
 [    0     0     0     1     0     0     0     0   746]]
32458.0
0.7921222178836392
1:0.7211942155185819
2:0.8057889316494119
3:0.79884149552396
4:0.9245810055865922
5:0.9903930131004367
6:0.663698488299855
7:0.9150442477876106
8:0.7668006892590465
9:0.998661311914324
kappa:0.7275316712700994
