[[ 656   64    0    0    0   25  243   52    0]
 [ 130  394    1    0    0   57  265   46    0]
 [   3    1  252    6    1    7   15    0   92]
 [   4    1    8  523    2    2   15    5    6]
 [   2    0    9    0  275    1    5    0    0]
 [ 123   37    1    0    0  623  421   43    0]
 [ 158   56    2    0    0   28 1198   22    0]
 [ 152   77    4    0    0   29   93  225    0]
 [   0    0    6    1    0    0    0    0  967]]
5113.0
0.6877858488027979
1:0.5342019543973942
2:0.6253968253968254
3:0.8904593639575972
4:0.9867924528301887
5:0.9892086330935251
6:0.8069948186528497
7:0.5312638580931264
8:0.5725190839694656
9:0.907981220657277
kappa:0.6360369434975041
