[[ 5421     0    27     0     0    22    44    50     0]
 [   29 17084     9   139     1   354     0    11     0]
 [  101     0  1623     0     0     0     1   368     0]
 [    1   233     0  2696     0     1     0     0     0]
 [   11     0     0     1  1136     2     0     1     0]
 [   42  1122     2    28     4  4421     0    11     0]
 [  661     0     3     0     0     0  1085     5     0]
 [  165    10   235     0     4    29     0  3036     0]
 [    0     0     0     0     0     0     0     0   747]]
37249.0
0.9090443186255369
1:0.842948219561499
2:0.9260122499864492
3:0.8546603475513428
4:0.9413407821229051
5:0.9921397379912664
6:0.9155104576516877
7:0.9601769911504425
8:0.8719126938541069
9:1.0
kappa:0.8790377012278154
