[[ 972   36    0    0    0   21  125    2    0]
 [  44  518    0    0    0   11  132    8    0]
 [   5    0  271    1    0    5   12    1    4]
 [   2    2    1  520    0    2   13    1   19]
 [   0    0    0    0  278    0    0    0    0]
 [ 100   13    2    2    0  653  211   13    0]
 [  79   31    2    0    0   60 1712    5    0]
 [  26   30    7    0    0   20   50  363    0]
 [   0    0    0    7    0    0    0    0 1042]]
6329.0
0.8513586225450632
1:0.7915309446254072
2:0.8222222222222222
3:0.9575971731448764
4:0.9811320754716981
5:1.0
6:0.8458549222797928
7:0.7592017738359201
8:0.9236641221374046
9:0.9784037558685446
kappa:0.8237130524044299
