[[1774   16    0    0    0    0    0    0    0    0    0    0    0    0
     0    0]
 [  35 3491    0    0    0    0    0    1    0    2    0    0    0    0
     0    7]
 [   0    0 1763    0   31    0    0    0    0   51    6    0    0    0
     8    0]
 [   0    0    2 1188   31    0    0    0    0    0    0    0    0    0
     0    0]
 [   0    0    4    6 2408    1    1    0    0    2    1    0    0    0
     0    0]
 [   0    0    0    0    1 3744    0    0    0    3    0    0    0    0
     0    0]
 [   0   11    0    0    0    0 3369    0    0    0    0    0    0    0
     0    1]
 [   0    0    0    0    1    0    0 9560    1   19    0    0    0    0
  2329    0]
 [   0    0    7    0    3    0    0    0 5973   38    0    0    0    0
     1    0]
 [   0    0    0    0    2    7    0  246   17 2876    2    1    0   10
   108   15]
 [   0    0    0    0    1    0    0    6    3   64  853    1    0    0
     0    0]
 [   0    0    0    0    0    0    0    0    0   18    6 1725    0    0
     0    0]
 [   0    1    0    0    0    0    3    0    0    0    0    0  711    3
     0    0]
 [   0    6    0    0    0    7    5    3    9    0    0    0    5  856
     0    0]
 [   0    0    0    0    0    0    0 1254    0    0    0    0    0    1
  4613    0]
 [   0    1    0    0    0    0    1    1    0    5    0    0    0    0
     9 1584]]
46488.0
0.9128001727895698
1:0.9806522940851299
2:0.9900737379466817
3:0.9926801801801802
4:0.9949748743718593
5:0.9717514124293786
6:0.9960095770151636
7:0.9970405445398047
8:0.863517297443772
9:0.9950024987506247
10:0.9343729694606887
11:0.9827188940092166
12:0.9988419224088014
13:0.9930167597765364
14:0.9839080459770115
15:0.6526598754951896
16:0.985687616677038
kappa:0.9022789502494667
